Nuclide  InhFastEffDose[Sv/Bq] InhFastThyroid InhFastRedMarrow InhFastLung InhFastSkin ExtDepotGround[(Sv/year)/(Bq/m^2)]             
H-3      6.2E-12     6.1E-12     6.1E-12     6.2E-12     6.1E-12     0
Be-7     0     0     0     0     0     1.41E-09
C-14     2E-10     1.9E-10     1.9E-10     2E-10     1.9E-10     0
F-18     2.8E-11     0     0     0     0     2.81E-08
Na-22    1.3E-09     0     0     0     0     5.74E-08
Na-24    2.7E-10     0     0     0     0     9.92E-08
P-32     7.7E-10     0     0     0     0     2.58E-09
S-35     5.1E-11     3.1E-11     3.1E-11     4E-11     3.1E-11     0
Cl-36    3.3E-10     0     0     0     0     2.23E-10
Ar-41    0     0     0     0     0     0.000000033
K-40     2.1E-09     0     0     0     0     5.27E-09
K-42     1.2E-10     0     0     0     0     0.000000011
Ca-45    4.6E-10     3.6E-11     2.8E-09     5E-11     3.6E-11     6.35E-18
Ca-47    5.5E-10     1.6E-10     9.4E-10     1.9E-10     1.3E-10     2.71E-08
Sc-44    0     0     0     0     0     5.92E-08
Sc-46    0     0     0     0     0     5.31E-08
Sc-47    0     0     0     0     0     3.46E-09
Ti-44    0.000000061     0     0     0     0     4.62E-09
V-48     1.1E-09     0     0     0     0     0.000000076
V-49     2.1E-11     0     0     0     0     2.29E-12
Cr-51    2E-11     0     0     0     0     9.33E-10
Mn-54    8.5E-10     0     0     0     0     2.31E-08
Fe-55    7.7E-10     2.1E-10     2.8E-09     2.1E-10     2.1E-10     6.7E-12
Fe-59    2.2E-09     1.4E-09     3.4E-09     1.7E-09     1.1E-09     3.01E-08
Co-56    1.8E-09     0     0     0     0     9.12E-08
Co-57    1.9E-10     1.4E-10     1.4E-10     1.5E-10     9.3E-11     3.92E-09
Co-58    5.3E-10     3.3E-10     3.6E-10     3.4E-10     2.2E-10     0.000000027
Co-60    5.2E-09     4.3E-09     4.4E-09     4.4E-09     0.000000003     6.23E-08
Ni-59    1.8E-10     1.8E-10     1.8E-10     1.8E-10     1.8E-10     1.26E-11
Ni-63    4.4E-10     4.3E-10     4.3E-10     4.3E-10     4.3E-10     0
Cu-64    3.5E-11     0     0     0     0     5.38E-09
Zn-65    2.2E-09     0.000000002     2.7E-09     1.9E-09     1.3E-09     0.000000015
Ga-67    6.4E-11     0     0     0     0     4.48E-09
Ga-68    2.6E-11     0     0     0     0     2.95E-08
Ge-68    5.2E-10     0     0     0     0     3.5E-11
As-73    0     0     0     0     0     2.76E-10
As-74    0     0     0     0     0     2.23E-08
Se-75    0.000000001     5.2E-10     7.1E-10     7.7E-10     3.8E-10     1.18E-08
Se-79    1.1E-09     3.8E-10     3.8E-10     3.9E-10     3.8E-10     0
Kr-81    0     0     0     0     0     3.77E-10
Kr-81m   0     0     0     0     0     0
Kr-85    0     0     0     0     0     3.19E-10
Kr-85m   0     0     0     0     0     5.3E-09
Kr-87    0     0     0     0     0     2.43E-08
Kr-88    0     0     0     0     0     4.91E-08
Rb-81    3.4E-11     0     0     0     0     0.000000018
Rb-86    9.3E-10     0     0     0     0     4.89E-09
Rb-87    5E-10     0     0     0     0     0
Rb-88    1.6E-11     0     0     0     0     2.09E-08
Sr-85    3.8E-10     0     0     0     0     1.46E-08
Sr-89    0.000000001     1.8E-10     4.3E-09     2E-10     1.8E-10     2.13E-09
Sr-90    0.000000024     5.9E-10     0.00000016     6.1E-10     5.9E-10     4.36E-11
Sr-91    1.6E-10     0     0     0     0     2.07E-08
Y-88     0     0     0     0     0     6.82E-08
Y-90     0     0     0     0     0     3.36E-09
Y-91     0     0     0     0     0     2.31E-09
Y-91m    0     0     0     0     0     1.51E-08
Zr-93    0.000000025     0     0     0     0     0
Zr-95    2.5E-09     9.9E-10     7.9E-09     1.1E-09     7.1E-10     2.05E-08
Zr-97    3.9E-10     0     0     0     0     7.28E-09
Nb-93m   2.2E-10     0     0     0     0     2.97E-11
Nb-94    5.8E-09     3.5E-09     8.2E-09     4.5E-09     2.8E-09     4.36E-08
Nb-95    5.7E-10     2.8E-10     9E-10     3.9E-10     2.2E-10     2.12E-08
Nb-95m   2E-10     0     0     0     0     1.98E-09
Nb-97    2.1E-11     0     0     0     0     2.01E-08
Nb-97m   0     0     0     0     0     2.03E-08
Mo-93    0.000000001     0     0     0     0     1.66E-10
Mo-99    2.2E-10     8.4E-11     2E-10     1.1E-10     7.7E-11     5.49E-09
Tc-99    2.9E-10     6.4E-10     2.5E-11     4.2E-11     2.5E-11     1.71E-14
Tc-99m   1.2E-11     3.9E-11     1.7E-12     4.7E-12     9.8E-13     4.04E-09
Ru-103   4.8E-10     3.3E-10     3.5E-10     3.3E-10     2.5E-10     1.37E-08
Ru-105   6.5E-11     0     0     0     0     2.32E-08
Ru-106   7.9E-09     7.1E-09     7.1E-09     7.1E-09     0.000000007     0
Rh-103m  8.6E-13     0     0     0     0     3.24E-11
Rh-105   8.2E-11     0     0     0     0     2.32E-09
Rh-105m  0     0     0     0     0     1.02E-09
Rh-106   0     0     0     0     0     1.01E-08
Pd-103   8.9E-11     0     0     0     0     2.87E-10
Pd-107   2.5E-11     0     0     0     0     0
Ag-108   0     0     0     0     0     2.71E-09
Ag-108m  6.1E-09     2.5E-09     3.9E-09     5.1E-09     2.2E-09     4.55E-08
Ag-109m  0     0     0     0     0     2.49E-10
Ag-110   0     0     0     0     0     4.83E-09
Ag-110m  5.5E-09     2.3E-09     3.5E-09     4.6E-09     2.1E-09     7.34E-08
Cd-109   8.1E-09     0     0     0     0     2.66E-10
Cd-115m  5.3E-09     0     0     0     0     2.76E-09
In-111   1.3E-10     0     0     0     0     1.21E-08
In-113m  9.7E-12     0     0     0     0     7.47E-09
In-114   0     0     0     0     0     3.73E-09
In-114m  9.3E-09     0     0     0     0     2.69E-09
In-115   0.00000039     0     0     0     0     6.01E-12
In-115m  2.4E-11     0     0     0     0     4.77E-09
Sn-113   5.4E-10     0     0     0     0     4.22E-10
Sn-126   0.000000011     0     0     0     0     1.69E-09
Sb-124   1.3E-09     4.8E-10     2.3E-09     5.3E-10     3.7E-10     4.93E-08
Sb-125   1.4E-09     6.5E-10     3.5E-09     7.2E-10     4.9E-10     1.21E-08
Sb-126   0.000000001     3.3E-10     1.1E-09     3.7E-10     2.4E-10     7.78E-08
Sb-126m  1.2E-11     0     0     0     0     4.64E-08
Sb-127   4.3E-10     8E-11     5.1E-10     1E-10     6.7E-11     1.92E-08
Sb-129   1E-10     0     0     0     0     3.93E-08
Te-123   3.9E-09     0     0     0     0     1.98E-10
Te-125m  5.1E-10     0     0     0     0     5.83E-10
Te-127   3.9E-11     0     0     0     0     3.03E-10
Te-127m  1.5E-09     2.8E-09     7.4E-09     1.4E-10     1.1E-10     1.92E-10
Te-129   1.6E-11     0     0     0     0     3.35E-09
Te-129m  1.3E-09     4.1E-09     4.8E-09     2.2E-10     1.9E-10     1.77E-09
Te-131   2.3E-11     0     0     0     0     1.44E-08
Te-131m  8.6E-10     0.000000013     1.6E-10     9.1E-11     5E-11     3.88E-08
Te-132   1.8E-09     0.000000025     2.9E-10     2E-10     1.5E-10     6.78E-09
I-123    7.4E-11     0     0     0     0     5.03E-09
I-125    5.1E-09     0.0000001     1.2E-11     1.5E-11     1.2E-11     6.86E-10
I-129    0.000000036     0.00000071     4.8E-11     6.3E-11     4.4E-11     6.08E-10
I-131    7.4E-09     0.00000015     3.7E-11     6E-11     2.5E-11     1.11E-08
I-132    9.4E-11     1.4E-09     1.1E-11     3.6E-11     8.2E-12     6.42E-08
I-133    1.5E-09     0.000000028     1.8E-11     4.2E-11     1.4E-11     1.81E-08
I-134    4.5E-11     2.6E-10     5.5E-12     3E-11     4E-12     7.28E-08
I-135    3.2E-10     5.7E-09     1.7E-11     4E-11     1.3E-11     4.06E-08
Xe-127   0     0     0     0     0     8.15E-09
Xe-131m  0     0     0     0     0     5.05E-10
Xe-133   0     0     0     0     0     1.4E-09
Xe-133m  0     0     0     0     0     1.14E-09
Xe-135   0     0     0     0     0     7.97E-09
Xe-135m  0     0     0     0     0     1.24E-08
Xe-138   0     0     0     0     0     3.08E-08
Cs-134   6.6E-09     6.3E-09     6.3E-09     0.000000006     4.4E-09     4.33E-08
Cs-135   6.9E-10     0     0     0     0     0
Cs-136   1.2E-09     0.000000001     9.8E-10     9.6E-10     6.6E-10     5.88E-08
Cs-137   4.6E-09     4.4E-09     4.4E-09     4.3E-09     3.6E-09     7.42E-11
Cs-138   2.4E-11     0     0     0     0     6.29E-08
Ba-133   1.5E-09     8E-10     4.8E-09     8.7E-10     5.6E-10     1.15E-08
Ba-137m  0     0     0     0     0     0.000000017
Ba-140   0.000000001     1.2E-10     1.4E-09     1.5E-10     1E-10     5.97E-09
La-140   5.7E-10     0     0     0     0     6.02E-08
Ce-139   1.5E-09     0     0     0     0     4.84E-09
Ce-141   9.3E-10     1.2E-10     1.5E-09     2.1E-10     1.2E-10     2.42E-09
Ce-143   2.7E-10     0     0     0     0     8.99E-09
Ce-144   0.00000004     5.5E-09     0.000000088     5.9E-09     5.5E-09     5.92E-10
Pr-143   0     0     0     0     0     6.29E-10
Pr-144m  0     0     0     0     0     2.79E-10
Pr-144   0     0     0     0     0     4.81E-09
Nd-147   0     0     0     0     0     4.35E-09
Pm-147   0     0     0     0     0     1.12E-13
Sm-147   0     0     0     0     0     0
Sm-151   0     0     0     0     0     1.48E-13
Eu-152   0     0     0     0     0     3.07E-08
Eu-154   0     0     0     0     0     3.35E-08
Gd-152   0.000019     0     0     0     0     0
Gd-153   2.1E-09     0     0     0     0     3.47E-09
Tb-160   0     0     0     0     0     2.93E-08
Ho-166m  0     0     0     0     0     4.52E-08
Er-169   0     0     0     0     0     1.45E-13
Tm-170   0     0     0     0     0     8.09E-10
Yb-169   0     0     0     0     0     9.76E-09
Lu-177   0     0     0     0     0     1.09E-09
Hf-181   1.4E-09     0     0     0     0     1.58E-08
Ta-182   0     0     0     0     0     3.37E-08
W-185    1.2E-10     0     0     0     0     1.17E-12
Re-186   5.2E-10     0     0     0     0     1.44E-09
Os-185   1.1E-09     0     0     0     0     0.00000002
Os-186   0     0     0     0     0     0
Os-191   2.5E-10     0     0     0     0     2.33E-09
Ir-192   1.8E-09     0     0     0     0     2.39E-08
Au-195   6.6E-11     0     0     0     0     2.7E-09
Au-198   2.1E-10     0     0     0     0     1.23E-08
Hg-197   5.6E-11     0     0     0     0     2.21E-09
Hg-203   4.6E-10     0     0     0     0     6.85E-09
Tl-201   4.4E-11     0     0     0     0     2.94E-09
Tl-207   0     0     0     0     0     1.7E-09
Tl-208   0     0     0     0     0     8.49E-08
Tl-209   0     0     0     0     0     5.62E-08
Tl-210   0     0     0     0     0     7.45E-08
Pb-209   1.7E-11     0     0     0     0     8.98E-11
Pb-210   0.0000009     0.00000011     0.0000032     0.00000011     0.00000011     8.47E-11
Pb-211   3.9E-09     0     0     0     0     2.87E-09
Pb-212   0.000000018     0     0     0     0     4.52E-09
Pb-214   2.8E-09     0     0     0     0     7.54E-09
Bi-210   1.1E-09     0     0     0     0     1.07E-09
Bi-211   0     0     0     0     0     1.39E-09
Bi-212   9.1E-09     0     0     0     0     6.49E-09
Bi-213   0.00000001     0     0     0     0     5.26E-09
Bi-214   7.1E-09     0     0     0     0     4.06E-08
Bi-215   0     0     0     0     0     0
Po-210   0.00000061     0.00000014     0.0000013     0.00000016     0.00000014     2.36E-13
Po-211   0     0     0     0     0     2.15E-10
Po-212   0     0     0     0     0     0
Po-213   0     0     0     0     0     8.46E-13
Po-214   0     0     0     0     0     2.31E-12
Po-215   0     0     0     0     0     4.28E-12
Po-216   0     0     0     0     0     4.01E-13
Po-218   0     0     0     0     0     0
At-217   0     0     0     0     0     6.69E-12
At-218   0     0     0     0     0     0
At-219   0     0     0     0     0     0
Rn-218   0     0     0     0     0     2.12E-11
Rn-219   0     0     0     0     0     1.69E-09
Rn-220   3.95E-08     0     0     0     0     1.47E-11
Rn-222   6.36E-09     0     0     0     0     1.1E-11
Fr-221   0     0     0     0     0     9.42E-10
Fr-223   8.9E-10     0     0     0     0     2.44E-09
Ra-223   0.00000012     0     0     0     0     4.16E-09
Ra-224   0.000000075     0.000000012     0.00000022     0.000000081     0.000000012     3.02E-10
Ra-225   0.00000013     0     0     0     0     4.16E-10
Ra-226   0.00000036     0.000000052     0.0000011     0.000000067     0.000000052     2.08E-10
Ra-228   0.0000009     0.0000002     0.000003     0.0000002     0.0000002     2.03E-17
Ac-225   0.00000088     0     0     0     0     4.56E-10
Ac-227   0.00055     0     0     0     0     5.96E-12
Ac-228   0.000000025     0     0     0     0     0.000000026
Th-227   0.00000067     0     0     0     0     3.24E-09
Th-228   0.000029     0.0000032     0.000091     0.0000032     0.0000032     7.7E-11
Th-229   0.00024     0     0     0     0     2.88E-09
Th-230   0.0001     0.0000066     0.0002     0.0000066     0.0000066     2.59E-11
Th-231   7.8E-11     0     0     0     0     5.34E-10
Th-232   0.00011     0.000017     0.00023     0.000017     0.000017     1.93E-11
Th-234   2.5E-09     3.1E-10     0.000000012     3.5E-10     3.1E-10     2.77E-10
Pa-231   0     0     0     0     0     9.87E-10
Pa-234   0     0     0     0     0     0.000000054
Pa-234m  0     0     0     0     0     3.3E-09
U-232    0.000004     0.000002     0.0000085     0.000002     0.000002     2.99E-11
U-233    0.00000058     0.00000034     0.000001     0.00000036     0.00000034     1.42E-11
U-234    0.00000056     0.00000034     0.00000099     0.00000035     0.00000034     2.35E-11
U-235    0.00000052     0.00000031     0.00000092     0.00000032     0.00000031     4.69E-09
U-236    0.00000053     0.00000032     0.00000093     0.00000033     0.00000032     2.14E-11
U-238    0.0000005     0.0000003     0.00000091     0.00000031     0.0000003     1.89E-11
U-240    2E-10     0     0     0     0     1.16E-10
Np-237   0.00005     0.0000035     0.0001     0.0000035     0.0000034     8.95E-10
Np-238   3.5E-09     0     0     0     0     1.53E-08
Np-239   1.7E-10     2.3E-11     2.4E-10     6.4E-11     2E-11     5.26E-09
Np-240   4E-11     0     0     0     0     3.24E-08
Np-240m  0     0     0     0     0     1.12E-08
Pu-238   0.00011     0.0000062     0.00018     0.0000063     0.0000062     2.51E-11
Pu-239   0.00012     0.000007     0.00019     0.000007     0.000007     1.1E-11
Pu-240   0.00012     0.000007     0.00019     0.000007     0.000007     2.41E-11
Pu-241   0.0000023     0.00000014     0.0000031     0.00000014     0.00000014     0
Pu-242   0.00011     0     0     0     0     2E-11
Pu-243   3.2E-11     0     0     0     0     8.11E-10
Pu-244   0.00011     0     0     0     0     1.7E-11
Am-241   0.000096     0.0000074     0.00015     0.0000074     0.0000074     8.25E-10
Am-242   0.000000011     0     0     0     0     5.71E-10
Am-242m  0.000092     0     0     0     0     8.03E-11
Am-243   0.000096     0.0000075     0.00015     0.0000075     0.0000074     1.81E-09
Cm-242   0.0000033     0.00000011     0.0000064     0.00000014     0.00000011     2.72E-11
Cm-244   0.000057     0.0000033     0.0001     0.0000034     0.0000033     2.42E-11
Cm-245   0.000099     0     0     0     0     2.35E-09
Cm-246   0.000098     0     0     0     0     2.14E-11
Cm-247   0.00009     0     0     0     0     9.2E-09
Cm-248   0.00036     0     0     0     0     1.72E-11
